Mozaik Door Export
5
<Door>
Mela Door
Slab Door.JPG
False
0
0
0
0
0
0
5
False
False
False

sn3,0,np,4,ss,762,508,sr,0,pt,762,508,0,0,0,,,,,0,0,0,0,0,0,0,False,,pt,0,0,0,0,0,,,,,0,0,0,0,0,0,0,False,Right,pt,762,0,0,0,0,,,,,0,0,0,0,0,0,0,False,Top,pt,762,508,0,0,0,,,,,0,0,0,0,0,0,0,False,Left,pt,0,508,0,0,0,,,,,0,0,0,0,0,0,0,False,Bottom
sn3,0,np,4,ss,508,152,sr,0,pt,508,152,0,0,0,,,,,0,0,0,0,0,0,0,False,,pt,0,0,0,0,0,,,,,0,0,0,0,0,0,0,False,,pt,508,0,0,0,0,,,,,0,0,0,0,0,0,0,False,,pt,508,152,0,0,0,,,,,0,0,0,0,0,0,0,False,,pt,0,152,0,0,0,,,,,0,0,0,0,0,0,0,False,
sn3,0,np,4,ss,508,152,sr,0,pt,508,152,0,0,0,,,,,0,0,0,0,0,0,0,False,,pt,0,0,0,0,0,,,,,0,0,0,0,0,0,0,False,,pt,508,0,0,0,0,,,,,0,0,0,0,0,0,0,False,,pt,508,152,0,0,0,,,,,0,0,0,0,0,0,0,False,,pt,0,152,0,0,0,,,,,0,0,0,0,0,0,0,False,
sn3,0,np,4,ss,762,508,sr,0,pt,762,508,0,0,0,,,,,0,0,0,0,0,0,0,False,,pt,0,0,0,0,0,,,,,0,0,0,0,0,0,0,False,,pt,762,0,0,0,0,,,,,0,0,0,0,0,0,0,False,,pt,762,508,0,0,0,,,,,0,0,0,0,0,0,0,False,,pt,0,508,0,0,0,,,,,0,0,0,0,0,0,0,False,
0
0
False
False
0
False

0
0
False
CathDoor.skp
0
0
False

0
0
0
0
0
0
0
0
True
0
0
0
</Door>
